1 0 0 0 0
2 3395.05 1733.79 1656.25 3385.04
3 9995.21 5112.16 4883.05 9995.21
4 9995.21 5111.64 4883.56 9995.21
5 5270.31 2693.04 2582.27 5280.32
6 2894.63 1477.91 1411.72 2884.61
7 7873.26 4023.63 3854.64 7883.28
8 7256.56 3708.6 3542.96 7246.56
9 9995.21 5111.89 4883.31 9995.2
10 9995.21 5111.99 4883.2 9995.21
11 9877.4 5049.02 4833.39 9887.41
12 6266.09 3199.71 3066.38 6266.09
13 616.864 314.601 302.263 616.864
14 9705.93 4961.47 4739.46 9695.93
15 9219.37 4710 4509.37 9219.36
16 2723.65 1390.59 1338.06 2733.67
17 2147.57 1095.83 1046.73 2137.56
18 4966.58 2537.28 2434.3 4976.59
19 6722.59 3435.65 3281.94 6712.57
20 9995.2 5111.7 4883.5 9995.21
21 9995.21 5111.96 4883.25 9995.21
22 9995.21 5111.94 4883.25 9995.2
23 9995.21 5111.89 4883.31 9995.21
24 9995.21 5112.38 4882.84 9995.21
25 9995.2 5111.45 4883.75 9995.2
26 9995.21 5111.51 4883.7 9995.21
27 9995.21 5111.87 4883.34 9995.21
28 9995.21 5111.98 4883.22 9995.2
29 9995.2 5112.32 4882.89 9995.21
30 9995.21 5112.27 4882.94 9995.2
31 9995.21 5112.34 4882.86 9995.21
32 9995.21 5111.97 4883.24 9995.21
33 9995.2 5112.37 4882.85 9995.2
34 9995.21 5112.36 4882.84 9995.21
35 2948.93 1505.97 1447.95 2958.94
36 1190.79 606.394 579.394 1180.78
37 9995.21 5112.15 4883.05 9995.21
38 9995.21 5111.66 4883.55 9995.21
39 9995.2 5111.87 4883.34 9995.21
40 9995.21 5111.66 4883.54 9995.2
41 9995.21 5111.73 4883.49 9995.21
